spawn:
  world: world
  x: 0.48813598781478135
  y: 63.0
  z: -0.4803013521610959
  yaw: 90.30731
  pitch: -4.049993
